highs-ds
a:
[ 0.01010497  0.          0.          0.          0.          0.
 -0.00378386 -0.0068178   0.          0.          0.          0.
  0.          0.          0.          0.          0.         -0.00573901
 -0.00491757  0.         -0.0117663   0.         -0.00735582  0.
  0.         -0.00561276 -0.0114015   0.          0.          0.
  0.          0.          0.          0.          0.          0.
  0.          0.          0.          0.          0.          0.
  0.          0.          0.         -0.01000693  0.          0.
  0.          0.        ]

b: -0.015413007730222781

sig at:[0, 6, 7, 17, 18, 20, 22, 25, 26, 45]
highs-ipm
a:
[ 0.01010497  0.          0.          0.          0.          0.
 -0.00378386 -0.0068178   0.          0.          0.          0.
  0.          0.          0.          0.          0.         -0.00573901
 -0.00491757  0.         -0.0117663   0.         -0.00735582  0.
  0.         -0.00561276 -0.0114015   0.          0.          0.
  0.          0.          0.          0.          0.          0.
  0.          0.          0.          0.          0.          0.
  0.          0.          0.         -0.01000693  0.          0.
  0.          0.        ]

b: -0.015413007730224047

sig at:[0, 6, 7, 17, 18, 20, 22, 25, 26, 45]

highs
a:
[ 0.01010497  0.          0.          0.          0.          0.
 -0.00378386 -0.0068178   0.          0.          0.          0.
  0.          0.          0.          0.          0.         -0.00573901
 -0.00491757  0.         -0.0117663   0.         -0.00735582  0.
  0.         -0.00561276 -0.0114015   0.          0.          0.
  0.          0.          0.          0.          0.          0.
  0.          0.          0.          0.          0.          0.
  0.          0.          0.         -0.01000693  0.          0.
  0.          0.        ]

b: -0.015413007730222781

sig at:[0, 6, 7, 17, 18, 20, 22, 25, 26, 45]

revised simplex
a:
[ 0.01010497  0.          0.          0.          0.          0.
 -0.00378386 -0.0068178   0.          0.          0.          0.
  0.          0.          0.          0.          0.         -0.00573901
 -0.00491757  0.         -0.0117663   0.         -0.00735582  0.
  0.         -0.00561276 -0.0114015   0.          0.          0.
  0.          0.          0.          0.          0.          0.
  0.          0.          0.          0.          0.          0.
  0.          0.          0.         -0.01000693  0.          0.
  0.          0.        ]

b: -0.015413007730223742

sig at:[0, 6, 7, 17, 18, 20, 22, 25, 26, 45]

interior-point
a:
[ 0.01010497  0.          0.          0.          0.          0.
 -0.00378386 -0.0068178   0.          0.          0.          0.
  0.          0.          0.          0.          0.         -0.00573901
 -0.00491757  0.         -0.0117663   0.         -0.00735582  0.
  0.         -0.00561276 -0.0114015   0.          0.          0.
  0.          0.          0.          0.          0.          0.
  0.          0.          0.          0.          0.          0.
  0.          0.          0.         -0.01000693  0.          0.
  0.          0.        ]

b: -0.015413008017711283

sig at:[0, 6, 7, 17, 18, 20, 22, 25, 26, 45]

simplex
a:
[ 4.48202011e-03  1.64347881e-03 -1.60854522e-04  4.87634785e-03
 -3.27015100e-03  1.30182359e-03 -4.42170459e-03 -7.34020974e-03
  3.42985395e-06 -8.32164116e-04  2.16807833e-03  2.51628609e-04
  5.48282701e-03 -3.74986403e-03 -6.97286961e-05  0.00000000e+00
  1.20796433e-03  0.00000000e+00 -3.92326120e-03  0.00000000e+00
 -3.70075414e-03  0.00000000e+00 -1.86748969e-04 -6.70726989e-03
  1.95565085e-03 -7.16771059e-03 -8.57492430e-03 -4.12088458e-03
 -4.14271725e-04  0.00000000e+00  1.64355086e-03 -1.02222743e-03
 -4.88485927e-04  1.11106244e-04 -1.83078100e-03  5.35146394e-05
  0.00000000e+00  5.81919071e-03 -1.28100536e-03 -3.36402550e-04
  1.03938738e-03  0.00000000e+00 -5.31936234e-04 -2.33134977e-04
  5.47183258e-05 -2.60059115e-03 -2.67093569e-04 -2.45634904e-03
  0.00000000e+00  5.31640302e-03

b: -0.03500452267198288

sig at:[0, 1, 2, 3, 4, 5, 6, 7, 8, 9, 10, 11, 12, 13, 14, 16, 18, 20, 22, 23, 24, 25, 26, 27, 28, 30, 31, 32, 33, 34, 35, 37, 38, 39, 40, 42, 43, 44, 45, 46, 47, 49]