highs-ds
a:
[ 0.         -0.00376383  0.          0.          0.          0.0117752
  0.          0.          0.         -0.0219089   0.          0.01342628
  0.          0.          0.00440998  0.          0.         -0.01348025
 -0.02636487  0.          0.          0.0034516   0.00069435  0.
 -0.01457722  0.          0.         -0.03127201  0.00016213 -0.0003532
  0.01116475 -0.00437645 -0.00948666  0.00096025 -0.00386624  0.
 -0.00194973  0.00205722 -0.00593388 -0.01877888  0.          0.00421743
  0.00680237  0.00653735  0.          0.          0.02788151 -0.01269272
  0.          0.00828905]

b: 0.0

sig at:[1, 5, 9, 11, 14, 17, 18, 21, 22, 24, 27, 28, 29, 30, 31, 32, 33, 34, 36, 37, 38, 39, 41, 42, 43, 46, 47, 49]

highs-ipm
a:
[ 0.06004249  0.05606323 -0.10828606  0.03965754 -0.03200306  0.05327663
  0.0218884   0.02804595 -0.03297139 -0.07593923 -0.07021862  0.10135798
  0.05361797  0.04936766 -0.0514015   0.0764906   0.02148067 -0.00733269
  0.0623536  -0.0388577  -0.0388644   0.1960922  -0.06759003 -0.12289546
  0.05172758 -0.02450377 -0.06039707 -0.04185454 -0.09688501  0.01009039
  0.081091    0.08447811 -0.03956659 -0.08698442 -0.05763979  0.02365221
  0.0045068  -0.02623455 -0.00928639 -0.03467102  0.12090737 -0.05717241
  0.07586154 -0.0673819   0.04933804 -0.07601014 -0.05745984  0.02986649
  0.03311631 -0.09329924]

b: 0.19908903544549256

sig at:[0, 1, 2, 3, 4, 5, 6, 7, 8, 9, 10, 11, 12, 13, 14, 15, 16, 17, 18, 19, 20, 21, 22, 23, 24, 25, 26, 27, 28, 29, 30, 31, 32, 33, 34, 35, 36, 37, 38, 39, 40, 41, 42, 43, 44, 45, 46, 47, 48, 49]

highs
a:
[ 0.         -0.00376383  0.          0.          0.          0.0117752
  0.          0.          0.         -0.0219089   0.          0.01342628
  0.          0.          0.00440998  0.          0.         -0.01348025
 -0.02636487  0.          0.          0.0034516   0.00069435  0.
 -0.01457722  0.          0.         -0.03127201  0.00016213 -0.0003532
  0.01116475 -0.00437645 -0.00948666  0.00096025 -0.00386624  0.
 -0.00194973  0.00205722 -0.00593388 -0.01877888  0.          0.00421743
  0.00680237  0.00653735  0.          0.          0.02788151 -0.01269272
  0.          0.00828905]

b: 0.0

sig at:[1, 5, 9, 11, 14, 17, 18, 21, 22, 24, 27, 28, 29, 30, 31, 32, 33, 34, 36, 37, 38, 39, 41, 42, 43, 46, 47, 49]

revised simplex
a:
[ 5.94218765e-03  1.17361828e-03  2.23075758e-03 -5.76050432e-04
 -5.99918250e-03  4.86884518e-04 -3.40865987e-03 -7.67174404e-03
  7.97599701e-03  1.17507724e-03  4.84328052e-03 -1.72601548e-03
  6.61072791e-03 -3.55360453e-03 -1.43664058e-03  3.14150442e-03
  9.27013671e-04 -8.31222732e-04 -6.12818014e-03  6.51153636e-03
  9.07450931e-04  4.68741529e-03 -2.80034552e-03 -6.56211619e-03
  4.11060213e-03 -8.93406699e-04 -2.68492893e-03 -2.22225239e-03
 -8.61950518e-05 -1.15588107e-04  8.03589257e-03 -5.77135252e-03
  2.23473069e-03  9.29057459e-03 -1.81415766e-03 -3.85496343e-03
  7.49089652e-04  5.58461207e-03  1.43918104e-03 -8.48547849e-04
  4.21589433e-03 -3.77902115e-03  1.48736524e-03  6.03702712e-03
  4.71349330e-03 -2.59471737e-04 -5.05110897e-03 -2.76570181e-03
 -5.62705978e-03  4.17984236e-03]

b: -0.02166814684258658

sig at:[0, 1, 2, 3, 4, 5, 6, 7, 8, 9, 10, 11, 12, 13, 14, 15, 16, 17, 18, 19, 20, 21, 22, 23, 24, 25, 26, 27, 28, 29, 30, 31, 32, 33, 34, 35, 36, 37, 38, 39, 40, 41, 42, 43, 44, 45, 46, 47, 48, 49]

interior-point
a:
[ 0.00192255  0.0007928   0.00261218  0.01516076 -0.00523294  0.00275605
 -0.0004469  -0.01579304  0.00931775 -0.00468941  0.0101854  -0.00338364
  0.01172844 -0.00047498  0.00100379  0.0036185   0.00074604 -0.00131532
 -0.01695963 -0.00106905 -0.00546223  0.00831049 -0.00555476 -0.02301607
  0.00565164 -0.00841697 -0.00834444 -0.00203289 -0.00287211 -0.00338576
  0.01144907 -0.01996207  0.00785186  0.02437853 -0.00542801  0.00022033
 -0.00459223  0.01021143 -0.00329725  0.01000514 -0.00515637 -0.00763275
  0.00163744  0.00521592 -0.00741797 -0.00297997 -0.00681877 -0.00630667
 -0.00352659  0.01201003]

b: -0.02204971767468189

sig at:[0, 1, 2, 3, 4, 5, 6, 7, 8, 9, 10, 11, 12, 13, 14, 15, 16, 17, 18, 19, 20, 21, 22, 23, 24, 25, 26, 27, 28, 29, 30, 31, 32, 33, 34, 35, 36, 37, 38, 39, 40, 41, 42, 43, 44, 45, 46, 47, 48, 49]

simplex
a:
[ 5.94218765e-03  1.17361828e-03  2.23075758e-03 -5.76050432e-04
 -5.99918250e-03  4.86884518e-04 -3.40865987e-03 -7.67174404e-03
  7.97599701e-03  1.17507724e-03  4.84328052e-03 -1.72601548e-03
  6.61072791e-03 -3.55360453e-03 -1.43664058e-03  3.14150442e-03
  9.27013671e-04 -8.31222732e-04 -6.12818014e-03  6.51153636e-03
  9.07450931e-04  4.68741529e-03 -2.80034552e-03 -6.56211619e-03
  4.11060213e-03 -8.93406699e-04 -2.68492893e-03 -2.22225239e-03
 -8.61950518e-05 -1.15588107e-04  8.03589257e-03 -5.77135252e-03
  2.23473069e-03  9.29057459e-03 -1.81415766e-03 -3.85496343e-03
  7.49089652e-04  5.58461207e-03  1.43918104e-03 -8.48547849e-04
  4.21589433e-03 -3.77902115e-03  1.48736524e-03  6.03702712e-03
  4.71349330e-03 -2.59471737e-04 -5.05110897e-03 -2.76570181e-03
 -5.62705978e-03  4.17984236e-03]

b: -0.021668146842585778

sig at:[0, 1, 2, 3, 4, 5, 6, 7, 8, 9, 10, 11, 12, 13, 14, 15, 16, 17, 18, 19, 20, 21, 22, 23, 24, 25, 26, 27, 28, 29, 30, 31, 32, 33, 34, 35, 36, 37, 38, 39, 40, 41, 42, 43, 44, 45, 46, 47, 48, 49]